# Blender v2.91.2 OBJ File: 'emotions3Dmodel.blend'
# www.blender.org
mtllib emotions2.mtl
o are_Cube
v 0.029860 3.539296 -0.245096
v 0.029860 -1.000000 -0.245096
v -1.384353 3.539296 1.169117
v -1.384353 -1.000000 1.169117
v 0.000000 3.539296 -0.274956
v 0.000000 -1.000000 -0.274956
v -1.414214 3.539296 1.139257
v -1.414214 -1.000000 1.139257
vt 0.193078 0.988046
vt 0.143820 0.988046
vt 0.143820 0.938789
vt 0.193078 0.938789
vt 0.252811 0.937677
vt 0.312800 0.937677
vt 0.312800 0.997666
vt 0.252811 0.997666
vt 0.496387 0.003321
vt 0.493272 0.998772
vt 0.005796 0.995723
vt 0.008911 0.000272
vt 0.048180 0.930314
vt 0.098780 0.930314
vt 0.098780 0.980915
vt 0.048180 0.980915
vt 1.000801 0.000474
vt 0.997950 0.999812
vt 0.500228 0.999578
vt 0.503078 0.000240
vt 0.412622 0.969472
vt 0.391618 0.969472
vt 0.391618 0.948468
vt 0.412622 0.948468
vn 0.0000 1.0000 -0.0000
vn -0.7071 0.0000 0.7071
vn -0.7071 0.0000 -0.7071
vn 0.0000 -1.0000 0.0000
vn 0.7071 0.0000 0.7071
vn 0.7071 0.0000 -0.7071
g are_Cube_Material
usemtl Material
s off
f 1/1/1 5/2/1 7/3/1 3/4/1
f 4/5/2 3/6/2 7/7/2 8/8/2
f 8/9/3 7/10/3 5/11/3 6/12/3
f 6/13/4 2/14/4 4/15/4 8/16/4
f 2/17/5 1/18/5 3/19/5 4/20/5
f 6/21/6 5/22/6 1/23/6 2/24/6
o people_Cube.001
v -1.372388 3.539142 1.149212
v -1.372388 -1.000154 1.149212
v 0.041825 3.539142 2.563426
v 0.041825 -1.000154 2.563426
v -1.402248 3.539142 1.179072
v -1.402248 -1.000154 1.179072
v 0.011965 3.539142 2.593286
v 0.011965 -1.000154 2.593286
vt 0.193078 0.988046
vt 0.143820 0.988046
vt 0.143820 0.938789
vt 0.193078 0.938789
vt 0.252811 0.937677
vt 0.312800 0.937677
vt 0.312800 0.997666
vt 0.252811 0.997666
vt 0.496530 0.006546
vt 0.497956 0.998772
vt 0.003526 0.997336
vt 0.002100 0.005111
vt 0.048180 0.930314
vt 0.098780 0.930314
vt 0.098780 0.980915
vt 0.048180 0.980915
vt 1.001923 0.000563
vt 0.999073 0.999900
vt 0.502064 0.998973
vt 0.504914 -0.000365
vt 0.412622 0.969472
vt 0.391618 0.969472
vt 0.391618 0.948468
vt 0.412622 0.948468
vn 0.0000 1.0000 -0.0000
vn 0.7071 0.0000 0.7071
vn -0.7071 0.0000 0.7071
vn 0.0000 -1.0000 0.0000
vn 0.7071 0.0000 -0.7071
vn -0.7071 0.0000 -0.7071
g people_Cube.001_Material.001
usemtl Material.001
s off
f 9/25/7 13/26/7 15/27/7 11/28/7
f 12/29/8 11/30/8 15/31/8 16/32/8
f 16/33/9 15/34/9 13/35/9 14/36/9
f 14/37/10 10/38/10 12/39/10 16/40/10
f 10/41/11 9/42/11 11/43/11 12/44/11
f 14/45/12 13/46/12 9/47/12 10/48/12
o happy_Cube.002
v 0.038137 3.539296 2.569582
v 0.038137 -1.000000 2.569582
v -1.376076 3.539296 3.983795
v -1.376076 -1.000000 3.983795
v 0.008277 3.539296 2.539721
v 0.008277 -1.000000 2.539721
v -1.405936 3.539296 3.953935
v -1.405936 -1.000000 3.953935
vt 0.193078 0.988046
vt 0.143820 0.988046
vt 0.143820 0.938789
vt 0.193078 0.938789
vt 0.252811 0.937677
vt 0.312800 0.937677
vt 0.312800 0.997666
vt 0.252811 0.997666
vt 0.528169 0.008159
vt 0.529594 1.000385
vt 0.003526 0.997336
vt 0.002100 0.005111
vt 0.048180 0.930314
vt 0.098780 0.930314
vt 0.098780 0.980915
vt 0.048180 0.980915
vt 1.001221 -0.002663
vt 0.998371 0.996675
vt 0.531442 0.997360
vt 0.534293 -0.001977
vt 0.412622 0.969472
vt 0.391618 0.969472
vt 0.391618 0.948468
vt 0.412622 0.948468
vn 0.0000 1.0000 -0.0000
vn -0.7071 0.0000 0.7071
vn -0.7071 0.0000 -0.7071
vn 0.0000 -1.0000 -0.0000
vn 0.7071 0.0000 0.7071
vn 0.7071 0.0000 -0.7071
g happy_Cube.002_Material.002
usemtl Material.002
s off
f 17/49/13 21/50/13 23/51/13 19/52/13
f 20/53/14 19/54/14 23/55/14 24/56/14
f 24/57/15 23/58/15 21/59/15 22/60/15
f 22/61/16 18/62/16 20/63/16 24/64/16
f 18/65/17 17/66/17 19/67/17 20/68/17
f 22/69/18 21/70/18 17/71/18 18/72/18
o naive_Cube.003
v -1.384353 3.539296 -1.661053
v -1.384353 -1.000000 -1.661053
v 0.029860 3.539296 -0.246839
v 0.029860 -1.000000 -0.246839
v -1.414214 3.539296 -1.631192
v -1.414214 -1.000000 -1.631192
v 0.000000 3.539296 -0.216979
v 0.000000 -1.000000 -0.216979
vt 0.193078 0.988046
vt 0.143820 0.988046
vt 0.143820 0.938789
vt 0.193078 0.938789
vt 0.252811 0.937677
vt 0.312800 0.937677
vt 0.312800 0.997666
vt 0.252811 0.997666
vt 0.501019 0.006546
vt 0.502445 0.998772
vt 0.003526 0.997336
vt 0.002100 0.005111
vt 0.048180 0.930314
vt 0.098780 0.930314
vt 0.098780 0.980915
vt 0.048180 0.980915
vt 0.999076 0.000055
vt 0.996225 0.999392
vt 0.503413 0.998653
vt 0.506263 -0.000685
vt 0.412622 0.969472
vt 0.391618 0.969472
vt 0.391618 0.948468
vt 0.412622 0.948468
vn 0.0000 1.0000 -0.0000
vn 0.7071 0.0000 0.7071
vn -0.7071 0.0000 0.7071
vn 0.0000 -1.0000 0.0000
vn 0.7071 0.0000 -0.7071
vn -0.7071 0.0000 -0.7071
g naive_Cube.003_Material.003
usemtl Material.003
s off
f 25/73/19 29/74/19 31/75/19 27/76/19
f 28/77/20 27/78/20 31/79/20 32/80/20
f 32/81/21 31/82/21 29/83/21 30/84/21
f 30/85/22 26/86/22 28/87/22 32/88/22
f 26/89/23 25/90/23 27/91/23 28/92/23
f 30/93/24 29/94/24 25/95/24 26/96/24
